18,
21,
13,
23,
19,
14,
17,
22,
16,
21,
25,
19,
21,
15,
17,
23,
24,
28,
20,
15,
20,
19,
23,
14,
19,
19,
18,
20,
14,
26,
22,
21,
21,
19,
19,
20,
25,
19,
26,
20,
18,
21,
15,
19,
17,
16,
22,
26,
20,
16,
27,
19,
21,
24,
24,
28,
25,
22,
24,
16,
24,
16,
19,
17,
23,
22,
21,
17,
25,
22,
19,
18,
23,
15,
20,
27,
18,
16,
22,
18,
19,
18,
19,
24,
17,
20,
24,
25,
21,
23,
23,
24,
16,
17,
18,
21,
12,
14,
17,
21,
23,
24,
22,
31,
19,
21,
19,
19,
26,
27,
21,
19,
16,
19,
23,
19,
13,
18,
22,
17,
27,
19,
20,
20,
19,
22,
21,
15,
16,
16,
23,
23,
14,
13,
23,
23,
21,
17,
16,
16,
11,
22,
11,
14,
16,
20,
22,
22,
12,
21,
23,
20,
26,
17,
13,
23,
23,
16,
16,
15,
12,
12,
17,
24,
16,
21,
22,
22,
17,
18,
26,
21,
12,
22,
18,
14,
27,
9,
16,
26,
19,
18,
16,
15,
15,
19,
20,
21,
19,
21,
17,
17,
19,
19,
19,
13,
23,
17,
22,
14,
18,
23,
19,
19,
21,
25,
14,
16,
18,
21,
15,
30,
19,
24,
19,
20,
18,
20,
15,
26,
25,
20,
18,
23,
21,
15,
22,
20,
22,
15,
23,
25,
19,
22,
13,
16,
16,
15,
23,
18,
21,
14,
20,
25,
20,
22,
27,
14,
17,
21,
18,
18,
24,
16,
18,
19,
18,
19,
20,
21,
25,
19,
19,
16,
22,
14,
16,
18,
18,
15,
27,
16,
17,
18,
27,
20,
12,
22,
21,
31,
20,
21,
24,
26,
15,
20,
21,
18,
16,
25,
21,
26,
21,
24,
29,
23,
16,
21,
23,
17,
15,
20,
18,
19,
17,
23,
18,
19,
18,
18,
24,
16,
19,
21,
23,
16,
26,
20,
21,
16,
21,
22,
21,
17,
12,
19,
13,
21,
13,
22,
19,
21,
22,
25,
17,
27,
23,
15,
21,
15,
13,
25,
17,
26,
22,
17,
24,
16,
21,
23,
18,
17,
15,
24,
23,
24,
18,
16,
24,
22,
30,
21,
24,
27,
23,
19,
23,
19,
20,
13,
12,
19,
16,
20,
19,
25,
17,
23,
18,
19,
19,
28,
18,
19,
20,
21,
21,
23,
20,
24,
19,
19,
17,
19,
17,
15,
21,
26,
24,
23,
