25,
25,
18,
29,
30,
29,
31,
24,
25,
31,
30,
30,
34,
29,
33,
29,
24,
31,
33,
35,
34,
35,
32,
36,
23,
32,
41,
32,
35,
27,
32,
33,
26,
33,
27,
40,
27,
21,
21,
25,
28,
35,
33,
33,
34,
32,
27,
31,
32,
29,
35,
32,
28,
29,
31,
29,
31,
29,
34,
31,
37,
40,
33,
30,
38,
25,
26,
42,
35,
35,
25,
33,
30,
31,
33,
30,
29,
39,
25,
24,
28,
33,
31,
35,
29,
29,
33,
34,
30,
36,
23,
35,
29,
33,
29,
29,
28,
28,
46,
24,
34,
31,
39,
29,
35,
27,
36,
39,
23,
28,
23,
25,
32,
32,
30,
33,
30,
29,
30,
32,
27,
23,
35,
26,
32,
23,
31,
28,
29,
34,
32,
34,
28,
25,
28,
32,
30,
27,
34,
34,
32,
24,
32,
31,
34,
22,
28,
37,
46,
35,
31,
23,
34,
37,
28,
27,
29,
30,
29,
24,
31,
41,
23,
24,
22,
29,
30,
20,
38,
41,
36,
29,
32,
35,
35,
32,
28,
27,
32,
31,
36,
34,
29,
32,
30,
42,
29,
32,
24,
29,
24,
25,
33,
26,
34,
34,
37,
20,
29,
23,
27,
33,
33,
23,
29,
32,
39,
32,
23,
32,
23,
27,
26,
28,
30,
28,
30,
40,
34,
32,
28,
26,
31,
23,
35,
29,
31,
34,
31,
34,
36,
25,
27,
31,
32,
33,
34,
30,
31,
33,
30,
33,
36,
33,
31,
31,
27,
25,
33,
30,
27,
34,
20,
36,
21,
31,
29,
27,
33,
27,
31,
27,
32,
33,
34,
27,
24,
27,
22,
40,
28,
26,
36,
32,
32,
38,
40,
28,
33,
31,
32,
33,
27,
27,
27,
29,
20,
32,
37,
26,
36,
32,
29,
28,
35,
21,
27,
28,
25,
27,
25,
27,
33,
28,
25,
37,
27,
36,
27,
36,
28,
27,
31,
29,
36,
26,
28,
30,
36,
21,
22,
32,
28,
35,
32,
33,
27,
36,
33,
37,
34,
30,
30,
35,
26,
28,
26,
33,
30,
35,
28,
32,
37,
24,
25,
29,
40,
31,
27,
28,
33,
32,
33,
27,
29,
32,
33,
31,
29,
29,
27,
22,
30,
26,
30,
32,
26,
26,
30,
29,
33,
38,
26,
32,
30,
31,
36,
34,
27,
42,
28,
33,
28,
22,
29,
36,
27,
29,
30,
23,
23,
30,
31,
34,
34,
31,
30,
37,
29,
27,
